[472]
[105]
[328]
[922]
[963]
[625]
[827]
[232]
[913]
[832]
[730]
[152]
[697]
[614]
[570]
[639]
[459]
[895]
[70]
[488]
[239]
[596]
[930]
[402]
[904]
[197]
[911]
[126]
[876]
[535]
[597]
[332]
[863]
[870]
[646]
[839]
[878]
[751]
[528]
[959]
[929]
[679]
[105, 70, 126, 959, 679, 7]
[543]
[248]
[353]
[494]
[402, 67]
[841]
[732]
[662]
[488, 732, 122]
[485]
[565]
[318]
[747]
[126, 7, 42]
[545]
[282]
[638]
[228]
[248, 496]
[860]
[874]
[334]
[556]
[103]
[874, 437]
[913, 332, 747, 83]
[488, 732, 122, 61]
[730, 365]
[761]
[7, 259]
[361]
[832, 64]
[612]
[103, 206]
[131]
[904, 452]
[7, 67, 938]
[144]
[573]
[774]
[243]
[521]
[612, 102]
[787]
[7, 154]
[92]
[105, 570, 930, 870, 15]
[649]
[951]
[15, 240]
[506]
[342]
[70, 7, 154, 770]
[940]
[15, 135]
[70, 7, 700]
[820]
[131, 393]
[103, 206, 412]
[884]
[356]
[103, 206, 618]
[732, 122, 61, 366]
[807]
[907]
[7, 861]
[380]
[832, 64, 32]
[921]
[622]
[874, 437, 92, 506, 23]
[152, 380, 760]
[570, 228, 342, 57]
[466]
[832, 32, 416]
[23, 391]
[7, 273]
[353, 706]
[64, 32, 512]
[212]
[998]
[263]
[279]
[743]
[459, 243, 135, 27]
[514]
[7, 98]
[332, 83, 996]
[7, 231]
[905]
[902]
[7, 273, 91]
[318, 212, 636]
[570, 15, 57, 285]
[7, 91, 364]
[7, 609]
[7, 27, 189]
[738]
[92, 23, 368]
[7, 609, 203]
[282, 846]
[570, 930, 402, 126, 876, 870, 528, 732, 318, 42, 282, 228, 612, 144, 774, 102, 240, 342, 618, 366, 996, 636, 738, 846, 6]
[485, 970]
[105, 70, 7, 42, 15, 6, 210]
[748]
[27, 6, 594]
[67, 268]
[157]
[6, 726]
[514, 257]
[419]
[27, 999]
[797]
[869]
[32, 6, 96]
[6, 792]
[902, 451]
[32, 352]
[7, 231, 693]
[6, 894]
[7, 987]
[6, 978]
[7, 595]
[7, 259, 518]
[346]
[105, 7, 15, 315]
[570, 228, 342, 57, 6, 114]
[15, 6, 900]
[32, 160]
[7, 595, 119]
[7, 103, 721]
[218]
[814]
[494, 988]
[477]
[528, 6, 594, 726, 792, 66]
[733]
[740]
[421]
[537]
[6, 642]
[356, 178]
[126, 7, 42, 98, 6, 882]
[105, 126, 7, 42, 861, 273, 231, 609, 189, 210, 693, 987, 315, 882, 21]
[337]
[7, 868]
[70, 7, 700, 350]
[105, 7, 15, 135, 27, 189, 315, 21, 945]
[815]
[876, 219]
[870, 290]
[774, 129]
[228, 342, 57, 6, 114, 684]
[64, 32, 160, 640]
[930, 155]
[409]
[356, 178, 712]
[6, 372]
[6, 222]
[212, 848]
[15, 765]
[466, 932]
[283]
[70, 126, 7, 42, 938, 154, 770, 700, 98, 364, 210, 518, 882, 868, 350, 14]
[7, 273, 91, 21, 819]
[32, 544]
[730, 876, 146]
[425]
[958]
[7, 92, 23, 14, 644]
[7, 21, 129, 903]
[458]
[473]
[595, 765, 425, 85]
[57, 627]
[845]
[641]
[85, 340]
[6, 594, 792, 66, 198]
[961]
[152, 228, 57, 6, 114, 456]
[248, 496, 32, 992]
[15, 495]
[7, 413]
[85, 340, 170]
[15, 6, 390]
[559]
[143]
[332, 83, 996, 166]
[428]
[700, 900, 100]
[809]
[647]
[6, 354]
[619]
[870, 15, 435]
[250]
[279, 27, 837]
[533]
[530]
[883]
[6, 948]
[102, 6, 816]
[144, 27, 6, 432]
[261]
[7, 623]
[70, 7, 14, 560]
[503]
[7, 203, 14, 406]
[458, 916]
[7, 882, 21, 147]
[7, 14, 413, 826]
[277]
[6, 312]
[506, 23, 253]
[243, 27, 729]
[251]
[7, 868, 14, 434]
[443]
[7, 98, 14, 686]
[683]
[472, 944]
[930, 6, 372, 186]
[829]
[898]
[126, 7, 189, 693, 315, 882, 21, 945, 819, 63]
[457]
[15, 135, 27, 405]
[417]
[811]
[579]
[957]
[404]
[7, 14, 532]
[23, 27, 621]
[472, 328, 232, 832, 152, 488, 904, 528, 248, 496, 64, 144, 240, 32, 760, 416, 512, 368, 96, 792, 352, 160, 640, 712, 848, 544, 456, 992, 816, 432, 560, 312, 944, 8]
[260]
[445]
[15, 135, 315, 900, 945, 765, 495, 405, 45]
[887]
[8, 296]
[7, 91, 364, 14, 8, 728]
[472, 944, 236]
[197, 591]
[894, 447]
[422]
[232, 6, 8, 696]
[481]
[893]
[528, 6, 792, 66, 8, 264]
[974]
[701]
[7, 42, 102, 6, 119, 21, 14, 714]
[379]
[876, 528, 732, 228, 612, 144, 240, 996, 636, 6, 96, 792, 900, 684, 372, 456, 948, 816, 432, 312, 696, 264, 12]
[482]
[541]
[6, 157, 942]
[7, 770, 385]
[283, 849]
[15, 23, 345]
[7, 67, 938, 469]
[15, 705]
[527]
[571]
[799]
[481, 962]
[650]
[774, 129, 387]
[92, 23, 6, 8, 12, 552]
[679, 485, 970, 97]
[404, 8, 808]
[971]
[726, 242]
[803]
[612, 144, 6, 792, 900, 684, 432, 12, 36]
[505]
[7, 259, 21, 777]
[356, 178, 712, 623, 445, 89]
[507]
[832, 884, 416, 364, 988, 312, 260, 728, 52]
[282, 940, 846, 987, 893, 705, 799, 47]
[218, 436]
[703]
[716]
[794]
[458, 916, 229]
[157, 628]
[27, 6, 432, 12, 36, 108]
[32, 160, 100, 8, 800]
[779]
[23, 621, 345, 552, 69]
[898, 449]
[15, 495, 165]
[7, 973]
[23, 69, 897]
[27, 6, 12, 36, 108, 324]
[23, 943]
[689]
[7, 131, 917]
[745]
[152, 228, 380, 760, 988, 684, 456, 532, 76]
[97, 873]
[328, 820, 164]
[7, 154, 14, 8, 616]
[963, 639, 459, 126, 747, 612, 144, 774, 243, 342, 135, 279, 27, 189, 738, 846, 594, 999, 792, 693, 315, 900, 477, 882, 945, 684, 765, 819, 198, 495, 837, 432, 261, 729, 63, 405, 621, 45, 387, 36, 108, 324, 873, 9]
[528, 144, 240, 6, 96, 792, 456, 816, 432, 312, 8, 696, 264, 12, 552, 24]
[948, 237]
[739]
[892]
[409, 818]
[718]
[27, 9, 351]
[617]
[105, 70, 7, 42, 15, 6, 210, 21, 14, 12, 420]
[248, 6, 372, 186, 8, 12, 24, 744]
[157, 942, 628, 314]
[229, 687]
[239, 956]
[23, 391, 782]
[781]
[27, 594, 9, 297]
[212, 848, 8, 424]
[67, 737]
[152, 228, 57, 6, 114, 456, 8, 12, 76, 24, 912]
[6, 261, 9, 522]
[544, 816, 8, 272]
[102, 6, 816, 8, 12, 24, 408]
[738, 9, 369]
[15, 129, 645]
[275]
[47, 611]
[105, 70, 7, 42, 15, 6, 210, 21, 14, 8, 12, 24, 420, 840]
[382]
[625, 250, 125]
[178, 445, 89, 890]
[27, 6, 324, 9, 162]
[8, 568]
[295]
[349]
[7, 903, 301]
[997]
[152, 570, 646, 494, 228, 874, 342, 380, 760, 114, 988, 684, 456, 532, 76, 912, 38]
[908]
[895, 537, 716, 179]
[999, 9, 333]
[878, 439]
[899]
[7, 987, 47, 329]
[845, 390, 260, 650, 65]
[318, 636, 477, 159]
[568, 142]
[726, 242, 121]
[923]
[494, 988, 247]
[7, 122, 61, 14, 854]
[802]
[15, 6, 66, 165, 330]
[67, 335]
[860, 774, 129, 903, 473, 559, 387, 645, 301, 43]
[843]
[254]
[959, 137]
[318, 6, 477, 9, 159, 954]
[103, 515]
[790]
[38, 950]
[283, 566]
[857]
[70, 7, 98, 14, 490]
[6, 137, 822]
[519]
[143, 286]
[15, 6, 900, 150]
[583]
[796]
[97, 873, 291]
[941]
[259, 999, 518, 814, 740, 222, 296, 481, 962, 777, 703, 333, 37]
[7, 14, 742]
[723]
[7, 98, 14, 8, 784]
[488, 122, 61, 8, 976]
[748, 374]
[15, 6, 390, 260, 12, 52, 65, 780]
[6, 222, 8, 296, 12, 24, 37, 888]
[569]
[879]
[7, 23, 805]
[528, 792, 352, 8, 264, 616, 88]
[6, 12, 36, 52, 9, 468]
[463]
[57, 969]
[774, 6, 129, 43, 258]
[877]
[528, 352, 8, 88, 176]
[282, 6, 12, 47, 564]
[6, 218, 654]
[7, 42, 57, 6, 114, 21, 14, 38, 798]
[263, 789]
[61, 793]
[802, 401]
[493]
[557]
[8, 296, 37, 592]
[404, 808, 202]
[38, 418]
[23, 345, 805, 115]
[6, 12, 142, 852]
[7, 42, 154, 231, 6, 66, 21, 14, 462]
[953]
[239, 717]
[338]
[15, 240, 32, 6, 96, 160, 8, 12, 24, 480]
[9, 981]
[6, 792, 66, 198, 12, 36, 9, 396]
[634]
[76, 38, 418, 836]
[681]
[37, 629]
[85, 935]
[7, 553]
[15, 135, 27, 6, 45, 12, 36, 108, 9, 540]
[794, 397]
[7, 665]
[379, 758]
[43, 817]
[7, 32, 14, 8, 224]
[821]
[948, 790, 158]
[8, 242, 121, 88, 968]
[646, 969, 323]
[697, 459, 646, 612, 102, 884, 391, 748, 595, 119, 765, 544, 425, 85, 340, 170, 816, 714, 527, 799, 782, 272, 408, 374, 969, 493, 629, 935, 323, 17]
[105, 963, 570, 639, 459, 930, 402, 126, 876, 597, 870, 528, 543, 732, 318, 747, 42, 282, 228, 612, 144, 573, 774, 243, 102, 15, 951, 240, 342, 135, 393, 618, 366, 807, 861, 921, 57, 273, 279, 27, 996, 231, 636, 285, 609, 189, 738, 846, 6, 210, 594, 726, 999, 96, 792, 693, 894, 987, 978, 315, 114, 900, 477, 66, 537, 642, 882, 21, 945, 219, 129, 684, 372, 222, 765, 819, 903, 627, 198, 456, 495, 390, 354, 435, 837, 948, 816, 432, 261, 147, 312, 729, 186, 63, 405, 417, 579, 957, 621, 45, 591, 447, 696, 264, 714, 12, 942, 849, 345, 705, 387, 552, 36, 777, 507, 108, 69, 165, 897, 324, 873, 9, 24, 237, 351, 420, 744, 687, 297, 912, 522, 408, 369, 645, 840, 162, 333, 159, 330, 843, 954, 822, 519, 150, 291, 723, 780, 888, 879, 468, 969, 258, 564, 654, 798, 789, 852, 462, 717, 480, 981, 396, 681, 540, 3]
[8, 97, 776]
[354, 3, 177]
[243, 27, 729, 405, 324, 9, 162, 3, 81]
[6, 3, 906]
[7, 749]
[8, 43, 344]
[845, 507, 338, 169]
[70, 7, 700, 14, 560, 420, 840, 140]
[463, 926]
[472, 354, 826, 944, 236, 118]
[3, 501]
[103, 9, 3, 927]
[126, 7, 42, 6, 21, 14, 63, 8, 12, 36, 9, 24, 3, 504]
[23, 598]
[7, 125, 875]
[646, 612, 102, 884, 748, 544, 340, 170, 816, 714, 782, 272, 408, 374, 17, 34]
[643]
[137, 548]
[3, 813]
[940, 47, 470]
[254, 508]
[92, 32, 23, 368, 8, 736]
[7, 14, 301, 43, 602]
[126, 7, 42, 27, 189, 6, 21, 14, 63, 9, 3, 378]
[472, 649, 413, 354, 826, 944, 236, 295, 177, 118, 59]
[652]
[7, 14, 142, 994]
[61, 15, 3, 915]
[747, 83, 996, 3, 249]
[639, 852, 3, 213]
[661]
[15, 6, 900, 45, 9, 150, 3, 450]
[273, 819, 390, 312, 507, 897, 351, 780, 468, 3, 39]
[89, 3, 267]
[586]
[770, 495, 385, 165, 275, 330, 935, 55]
[727]
[625, 700, 900, 350, 425, 100, 250, 650, 800, 275, 125, 950, 150, 875, 450, 25]
[904, 565, 452, 113]
[282, 846, 987, 705, 47, 564, 3, 141]
[734]
[243, 27, 6, 12, 36, 108, 324, 9, 162, 3, 81, 972]
[218, 8, 436, 872]
[15, 6, 900, 100, 12, 150, 3, 25, 300]
[6, 129, 12, 43, 258, 3, 516]
[263, 526]
[15, 135, 27, 6, 45, 9, 540, 3, 270]
[7, 14, 560, 8, 784, 224, 112]
[15, 37, 3, 555]
[342, 57, 684, 9, 3, 171]
[766]
[64, 32, 512, 8, 256]
[254, 508, 127]
[730, 570, 70, 930, 870, 860, 240, 770, 940, 700, 820, 380, 760, 970, 210, 900, 160, 740, 350, 290, 640, 340, 170, 390, 100, 250, 530, 560, 260, 650, 800, 420, 840, 890, 330, 790, 950, 490, 150, 780, 480, 540, 140, 470, 450, 300, 270, 10]
[948, 158, 316]
[277, 554]
[970, 97, 776, 194]
[7, 64, 32, 14, 8, 224, 112, 448]
[219, 9, 3, 657]
[7, 121, 847]
[870, 6, 696, 522, 3, 174]
[482, 723, 241]
[155, 10, 620]
[612, 884, 748, 544, 340, 816, 272, 408, 17, 34, 68]
[562]
[6, 142, 852, 3, 213, 426]
[7, 532, 798, 665, 133]
[530, 265]
[491]
[9, 3, 909]
[23, 43, 989]
[7, 42, 6, 21, 14, 8, 12, 24, 840, 3, 504, 168]
[346, 519, 173]
[334, 501, 167]
[232, 32, 8, 928]
[328, 697, 820, 861, 902, 738, 451, 533, 779, 943, 164, 369, 41]
[7, 27, 189, 21, 63, 9, 3, 81, 567]
[493, 17, 34, 986]
[724]
[7, 14, 47, 329, 658]
[832, 416, 8, 52, 208]
[3, 699]
[709]
[612, 102, 6, 9, 17, 3, 34, 306]
[3, 933]
[472, 328, 922, 232, 832, 730, 152, 614, 570, 70, 488, 596, 930, 402, 904, 126, 876, 332, 870, 646, 878, 528, 248, 494, 732, 662, 122, 318, 42, 282, 638, 228, 496, 860, 874, 334, 556, 64, 612, 206, 452, 938, 144, 774, 102, 154, 92, 240, 506, 342, 770, 940, 700, 820, 412, 884, 356, 618, 366, 380, 32, 622, 760, 466, 416, 706, 512, 212, 998, 514, 98, 996, 902, 636, 364, 738, 368, 846, 6, 970, 210, 748, 594, 268, 726, 96, 792, 352, 894, 978, 518, 346, 114, 900, 160, 218, 814, 988, 66, 740, 642, 178, 882, 868, 350, 290, 684, 640, 712, 372, 222, 848, 932, 14, 544, 146, 958, 644, 458, 340, 198, 456, 992, 170, 390, 166, 428, 100, 354, 250, 530, 948, 816, 432, 560, 406, 916, 826, 312, 434, 686, 944, 186, 898, 404, 532, 8, 260, 296, 728, 236, 422, 696, 264, 974, 714, 12, 482, 942, 962, 650, 552, 808, 242, 36, 52, 436, 716, 794, 628, 108, 800, 324, 76, 164, 616, 24, 892, 818, 718, 420, 744, 314, 956, 782, 424, 912, 522, 272, 408, 840, 382, 890, 162, 568, 38, 908, 142, 854, 802, 330, 254, 954, 790, 950, 566, 490, 822, 286, 150, 796, 742, 784, 976, 374, 780, 888, 88, 468, 258, 176, 564, 654, 798, 592, 202, 418, 852, 462, 338, 480, 396, 634, 836, 540, 758, 224, 158, 968, 776, 906, 344, 140, 926, 118, 504, 598, 34, 548, 470, 508, 736, 602, 378, 652, 994, 450, 586, 734, 972, 872, 300, 516, 526, 270, 112, 766, 256, 10, 316, 554, 194, 448, 174, 620, 68, 562, 426, 168, 928, 986, 724, 658, 208, 306, 2]
[653]
[881]
[596, 894, 2, 298]
[15, 6, 250, 125, 150, 3, 25, 10, 2, 750]
[577]
[27, 6, 9, 351, 3, 39, 2, 702]
[638, 957, 319]
[2, 694]
[197, 2, 394]
[601]
[7, 21, 3, 651]
[103, 618, 3, 927, 309]
[832, 528, 496, 64, 144, 240, 32, 416, 512, 368, 96, 352, 160, 640, 848, 544, 992, 816, 432, 560, 944, 8, 800, 912, 272, 784, 976, 176, 592, 480, 224, 736, 112, 256, 448, 928, 208, 2, 16]
[930, 155, 10, 620, 2, 310]
[334, 167, 2, 668]
[243, 27, 6, 9, 162, 3, 81, 972, 2, 486]
[64, 32, 6, 96, 8, 12, 24, 3, 2, 16, 192]
[544, 816, 8, 272, 408, 17, 34, 68, 2, 136]
[528, 231, 594, 726, 792, 693, 66, 627, 198, 495, 957, 264, 165, 297, 330, 462, 396, 3, 33]
[428, 8, 2, 856]
[402, 67, 938, 268, 2, 134]
[563]
[740, 37, 10, 2, 370]
[716, 179, 2, 358]
[83, 996, 6, 166, 3, 249, 2, 498]
[593]
[23, 115, 10, 2, 230]
[242, 121, 968, 2, 484]
[7, 154, 14, 616, 2, 308]
[23, 37, 851]
[940, 705, 47, 470, 235]
[459, 612, 102, 765, 816, 714, 408, 969, 17, 3, 306, 51]
[551]
[67, 268, 8, 2, 134, 536]
[70, 7, 98, 14, 490, 140, 10, 2, 980]
[83, 415]
[15, 135, 27, 6, 405, 45, 9, 162, 3, 81, 270, 10, 2, 810]
[738, 6, 3, 41, 2, 246]
[614, 921, 307]
[869, 948, 237, 790, 553, 158, 316, 79]
[884, 17, 221]
[290, 10, 2, 580]
[64, 144, 32, 6, 96, 8, 12, 36, 9, 24, 3, 2, 16, 192, 576]
[404, 808, 505, 202, 909, 101]
[876, 6, 219, 146, 3, 2, 438]
[7, 113, 791]
[7, 91, 65, 455]
[673]
[15, 900, 150, 3, 450, 25, 300, 750, 75]
[122, 61, 10, 2, 610]
[8, 47, 2, 376]
[528, 748, 792, 352, 264, 616, 88, 176, 396, 836, 968, 2, 484, 308, 44]
[6, 312, 8, 12, 52, 24, 3, 39, 208, 2, 16, 624]
[7, 57, 21, 798, 3, 133, 399]
[7, 42, 98, 6, 882, 21, 14, 147, 3, 2, 294]
[813, 271]
[15, 390, 65, 780, 3, 39, 195]
[25, 725]
[7, 91, 637]
[6, 390, 312, 780, 468, 3, 39, 2, 702, 624, 78]
[773]
[2, 806]
[967]
[978, 815, 652, 163]
[67, 871]
[389]
[3, 906, 453]
[279, 6, 186, 9, 3, 2, 558]
[37, 25, 925]
[579, 193]
[467]
[137, 822, 548, 2, 274]
[7, 742, 371]
[197, 2, 394, 788]
[599]
-----------------------------------------------------
[472, 328, 922, 232, 832, 730, 152, 614, 570, 70, 488, 596, 930, 402, 904, 126, 876, 332, 870, 646, 878, 528, 248, 494, 732, 662, 122, 318, 42, 282, 638, 228, 496, 860, 874, 334, 556, 64, 612, 206, 452, 938, 144, 774, 102, 154, 92, 240, 506, 342, 770, 940, 700, 820, 412, 884, 356, 618, 366, 380, 32, 622, 760, 466, 416, 706, 512, 212, 998, 514, 98, 996, 902, 636, 364, 738, 368, 846, 6, 970, 210, 748, 594, 268, 726, 96, 792, 352, 894, 978, 518, 346, 114, 900, 160, 218, 814, 988, 66, 740, 642, 178, 882, 868, 350, 290, 684, 640, 712, 372, 222, 848, 932, 14, 544, 146, 958, 644, 458, 340, 198, 456, 992, 170, 390, 166, 428, 100, 354, 250, 530, 948, 816, 432, 560, 406, 916, 826, 312, 434, 686, 944, 186, 898, 404, 532, 8, 260, 296, 728, 236, 422, 696, 264, 974, 714, 12, 482, 942, 962, 650, 552, 808, 242, 36, 52, 436, 716, 794, 628, 108, 800, 324, 76, 164, 616, 24, 892, 818, 718, 420, 744, 314, 956, 782, 424, 912, 522, 272, 408, 840, 382, 890, 162, 568, 38, 908, 142, 854, 802, 330, 254, 954, 790, 950, 566, 490, 822, 286, 150, 796, 742, 784, 976, 374, 780, 888, 88, 468, 258, 176, 564, 654, 798, 592, 202, 418, 852, 462, 338, 480, 396, 634, 836, 540, 758, 224, 158, 968, 776, 906, 344, 140, 926, 118, 504, 598, 34, 548, 470, 508, 736, 602, 378, 652, 994, 450, 586, 734, 972, 872, 300, 516, 526, 270, 112, 766, 256, 10, 316, 554, 194, 448, 174, 620, 68, 562, 426, 168, 928, 986, 724, 658, 208, 306, 2]
